frequency	# of variants
0.0002	735.522415045
0.00021	0.000280386084558
0.0002205	0.000221924559269
0.000231525	0.000165852919009
0.00024310125	0.000124178476334
0.0002552563125	9.38044431626e-05
0.000268019128125	7.17191766981e-05
0.000281420084531	5.55916617883e-05
0.000295491088758	4.37162819213e-05
0.000310265643196	3.48756036448e-05
0.000325778925355	2.8210234451e-05
0.000342067871623	2.3115684366e-05
0.000359171265204	1.91663161495e-05
0.000377129828465	1.60611856375e-05
0.000395986319888	1.35861463593e-05
0.000415785635882	1.15875659664e-05
0.000436574917676	9.95416209267e-06
0.00045840366356	8.60445460134e-06
0.000481323846738	7.47808227886e-06
0.000505390039075	6.52977303109e-06
0.000530659541029	5.72513676376e-06
0.00055719251808	5.03771238528e-06
0.000585052143984	4.44688041285e-06
0.000614304751184	3.93637563324e-06
0.000645019988743	3.49321760037e-06
0.00067727098818	3.10693415481e-06
0.000711134537589	2.76899163885e-06
0.000746691264468	2.47237220197e-06
0.000784025827692	2.21125663677e-06
0.000823227119076	1.9807836243e-06
0.00086438847503	1.77686492732e-06
0.000907607898782	1.59604190665e-06
0.000952988293721	1.43537292088e-06
0.00100063770841	1.29234406709e-06
0.00105066959383	1.16479772621e-06
0.00110320307352	1.05087486055e-06
0.00115836322719	9.48968020908e-07
0.00121628138855	8.57682790394e-07
0.00127709545798	7.758059355e-07
0.00134095023088	7.0227893046e-07
0.00140799774242	6.36175825984e-07
0.00147839762955	5.76684659293e-07
0.00155231751102	5.23091767961e-07
0.00162993338657	4.74768501442e-07
0.0017114300559	4.31159924601e-07
0.0017970015587	3.91775182804e-07
0.00188685163663	3.56179262495e-07
0.00198119421847	3.23985924317e-07
0.00208025392939	2.94851628529e-07
0.00218426662586	2.68470300407e-07
0.00229347995715	2.44568809645e-07
0.00240815395501	2.2290305771e-07
0.00252856165276	2.03254583335e-07
0.0026549897354	1.85427612208e-07
0.00278773922217	1.69246485443e-07
0.00292712618327	1.54553414394e-07
0.00307348249244	1.41206515144e-07
0.00322715661706	1.29078083851e-07
0.00338851444791	1.18053080367e-07
0.00355794017031	1.08027791315e-07
0.00373583717882	9.89086491019e-08
0.00392262903777	9.06111862116e-08
0.00411876048965	8.30591073333e-08
0.00432469851414	7.61834643226e-08
0.00454093343984	6.99219213031e-08
0.00476798011184	6.42180988347e-08
0.00500637911743	5.90209877156e-08
0.0052566980733	5.42844243143e-08
0.00551953297696	4.99666202614e-08
0.00579550962581	4.60297405654e-08
0.0060852851071	4.2439524701e-08
0.00638954936246	3.91649461386e-08
0.00670902683058	3.61779061944e-08
0.00704447817211	3.34529587719e-08
0.00739670208072	3.09670627581e-08
0.00776653718475	2.8699359467e-08
0.00815486404399	2.66309726824e-08
0.00856260724619	2.47448292264e-08
0.0089907376085	2.30254982126e-08
0.00944027448892	2.14590474511e-08
0.00991228821337	2.0032915635e-08
0.010407902624	1.87357991985e-08
0.0109282977552	1.7557552996e-08
0.011474712643	1.64891041325e-08
0.0120484482752	1.55223785894e-08
0.0126508706889	1.46502405595e-08
0.0132834142234	1.38664447948e-08
0.0139475849345	1.31656026661e-08
0.0146449641812	1.25431632821e-08
0.0153772123903	1.1995411693e-08
0.0161460730098	1.15194873167e-08
0.0169533766603	1.11134271165e-08
0.0178010454933	1.07762401545e-08
0.018691097768	1.05080231376e-08
0.0196256526564	1.03101309811e-08
0.0206069352892	1.01854231512e-08
0.0216372820537	1.01386168242e-08
0.0227191461564	1.01767941569e-08
0.0238551034642	1.03101370866e-08
0.0250478586374	1.05530062528e-08
0.0263002515693	1.09255539807e-08
0.0276152641477	1.14561897324e-08
0.0289960273551	1.21854496425e-08
0.0304458287229	1.31722620473e-08
0.031968120159	1.45044709912e-08
0.033566526167	1.63172918686e-08
0.0352448524753	1.88273884649e-08
0.0370070950991	2.23998386218e-08
0.038857449854	2.76902750126e-08
0.0408003223467	3.5977861408e-08
0.0428403384641	5.00561295325e-08
0.0449823553873	7.71234572912e-08
0.0472314731566	1.41542282842e-07
0.0495930468145	3.84111930796e-07
0.0520726991552	3.78142569244
0.0546763341129	2.67262612796e-06
0.0574101508186	2.35349661272e-07
0.0602806583595	9.67232865518e-08
0.0632946912775	4.79144720144e-08
0.0664594258414	2.68902511778e-08
0.0697823971334	1.65652551389e-08
0.0732715169901	1.08379530048e-08
0.0769350928396	7.35986552074e-09
0.0807818474816	5.10914648683e-09
0.0848209398557	3.58203596347e-09
0.0890619868485	2.50652258822e-09
0.0935150861909	1.72595762221e-09
0.0981908405004	1.14544057371e-09
0.103100382525	7.04964192391e-10
0.108255401652	3.65159813956e-10
0.113668171734	9.93618814234e-11
0.119351580321	-1.11002173663e-10
0.125319159337	-2.7919572972e-10
0.131585117304	-4.14914014388e-10
0.138164373169	-5.25407917982e-10
0.145072591828	-6.16228573413e-10
0.152326221419	-6.91727538501e-10
0.15994253249	-7.55386821624e-10
0.167939659114	-8.10012711342e-10
0.17633664207	-8.57793200708e-10
0.185153474174	-9.00177266205e-10
0.194411147882	-9.37465789498e-10
0.204131705276	-9.67879356602e-10
0.21433829054	-9.85678052569e-10
0.225055205067	-9.77861745473e-10
0.236307965321	-9.2029364227e-10
0.248123363587	-7.80598319214e-10
0.260529531766	-5.49696436713e-10
0.273556008354	-3.12696915348e-10
0.287233808772	-2.37312864242e-10
0.301595499211	-3.26194394265e-10
0.316675274171	-3.93067809432e-10
0.33250903788	-4.35078043368e-10
0.349134489774	-5.19389546647e-10
0.366591214262	-5.87431190364e-10
0.384920774975	-5.78460151061e-10
0.404166813724	-4.87957654218e-10
0.42437515441	-3.32775783152e-10
0.445593912131	-1.23861833066e-10
0.467873607738	1.48300673903e-10
0.491267288124	5.31737060067e-10
0.515830652531	1.14613554508e-09
0.541622185157	2.27088362135e-09
0.568703294415	4.66422165612e-09
0.597138459136	1.17706986827e-08
0.626995382093	1.04623718627
