frequency	# of variants
0.0002	602.771558425
0.00021	0.000785263557037
0.0002205	0.000285091477761
0.000231525	0.000186100542291
0.00024310125	0.000136912467679
0.0002552563125	0.000105501232636
0.000268019128125	8.35132302627e-05
0.000281420084531	6.73995122209e-05
0.000295491088758	5.52377653335e-05
0.000310265643196	4.58523029047e-05
0.000325778925355	3.84752292925e-05
0.000342067871623	3.25845288185e-05
0.000359171265204	2.78151925699e-05
0.000377129828465	2.39063907031e-05
0.000395986319888	2.06681827201e-05
0.000415785635882	1.79599247575e-05
0.000436574917676	1.56758729143e-05
0.00045840366356	1.37353621964e-05
0.000481323846738	1.2076025192e-05
0.000505390039075	1.06490215623e-05
0.000530659541029	9.41564684099e-06
0.00055719251808	8.34489413674e-06
0.000585052143984	7.411661061e-06
0.000614304751184	6.59543984515e-06
0.000645019988743	5.87932907395e-06
0.00067727098818	5.24929157669e-06
0.000711134537589	4.6935870037e-06
0.000746691264468	4.20233215392e-06
0.000784025827692	3.76715935512e-06
0.000823227119076	3.38094576373e-06
0.00086438847503	3.03760007673e-06
0.000907607898782	2.73188961592e-06
0.000952988293721	2.45930153861e-06
0.00100063770841	2.21592919208e-06
0.00105066959383	1.99837969206e-06
0.00110320307352	1.80369659992e-06
0.00115836322719	1.62929702624e-06
0.00121628138855	1.47291778595e-06
0.00127709545798	1.33257145633e-06
0.00134095023088	1.20650859019e-06
0.00140799774242	1.09318610321e-06
0.00147839762955	9.91240299431e-07
0.00155231751102	8.99463912766e-07
0.00162993338657	8.16786493381e-07
0.0017114300559	7.42257487788e-07
0.0017970015587	6.75031647034e-07
0.00188685163663	6.14356474719e-07
0.00198119421847	5.59561326695e-07
0.00208025392939	5.10047900524e-07
0.00218426662586	4.65281873686e-07
0.00229347995715	4.24785743606e-07
0.00240815395501	3.88132401777e-07
0.00252856165276	3.54939559821e-07
0.0026549897354	3.24864806837e-07
0.00278773922217	2.97601268752e-07
0.00292712618327	2.72873742531e-07
0.00307348249244	2.50435312728e-07
0.00322715661706	2.30064316466e-07
0.00338851444791	2.11561661372e-07
0.00355794017031	1.94748448864e-07
0.00373583717882	1.79463850009e-07
0.00392262903777	1.65563228771e-07
0.00411876048965	1.52916449028e-07
0.00432469851414	1.41406389022e-07
0.00454093343984	1.30927606184e-07
0.00476798011184	1.21385144539e-07
0.00500637911743	1.12693479005e-07
0.0052566980733	1.04775566993e-07
0.00551953297696	9.75620103916e-08
0.00579550962581	9.09902998568e-08
0.0060852851071	8.50041537569e-08
0.00638954936246	7.95529190474e-08
0.00670902683058	7.4591050308e-08
0.00704447817211	7.00776433007e-08
0.00739670208072	6.59760254796e-08
0.00776653718475	6.22534027582e-08
0.00815486404399	5.88805513302e-08
0.00856260724619	5.58315558475e-08
0.0089907376085	5.30835984588e-08
0.00944027448892	5.06167856888e-08
0.00991228821337	4.84140334116e-08
0.010407902624	4.64609947323e-08
0.0109282977552	4.47460527007e-08
0.011474712643	4.32603790726e-08
0.0120484482752	4.19980760711e-08
0.0126508706889	4.09564302703e-08
0.0132834142234	4.0136297661e-08
0.0139475849345	3.95426846106e-08
0.0146449641812	3.91855813432e-08
0.0153772123903	3.90811693815e-08
0.0161460730098	3.92535595617e-08
0.0169533766603	3.97373228637e-08
0.0178010454933	4.05812323715e-08
0.018691097768	4.18538900676e-08
0.0196256526564	4.36523885436e-08
0.0206069352892	4.61160138178e-08
0.0216372820537	4.94486213453e-08
0.0227191461564	5.39565814399e-08
0.0238551034642	6.01161077992e-08
0.0250478586374	6.86994974545e-08
0.0263002515693	8.10286652115e-08
0.0276152641477	9.95314452115e-08
0.0289960273551	1.29113296542e-07
0.0304458287229	1.81118329182e-07
0.031968120159	2.87596287206e-07
0.033566526167	5.72942705976e-07
0.0352448524753	1.87280756983e-06
0.0370070950991	3.53582166869
0.038857449854	3.25059507771e-06
0.0408003223467	9.06740666952e-07
0.0428403384641	2.29480208411e-07
0.0449823553873	1.1543579181e-07
0.0472314731566	6.55122778921e-08
0.0495930468145	4.04413456344e-08
0.0520726991552	2.70558715067e-08
0.0546763341129	1.92402006314e-08
0.0574101508186	1.42020835429e-08
0.0602806583595	1.06934506214e-08
0.0632946912775	8.1355573225e-09
0.0664594258414	6.2280791926e-09
0.0697823971334	4.78861297619e-09
0.0732715169901	3.69197881461e-09
0.0769350928396	2.84783978945e-09
0.0807818474816	2.19072182488e-09
0.0848209398557	1.67351675362e-09
0.0890619868485	1.2623664088e-09
0.0935150861909	9.32728817322e-10
0.0981908405004	6.66565364791e-10
0.103100382525	4.50426246198e-10
0.108255401652	2.74163437637e-10
0.113668171734	1.30052921179e-10
0.119351580321	1.21819477225e-11
0.125319159337	-8.39869004428e-11
0.131585117304	-1.6192893541e-10
0.138164373169	-2.24282682719e-10
0.145072591828	-2.73010688337e-10
0.152326221419	-3.0951154583e-10
0.15994253249	-3.34692334628e-10
0.167939659114	-3.49002748526e-10
0.17633664207	-3.52418414097e-10
0.185153474174	-3.44331545708e-10
0.194411147882	-3.23242427635e-10
0.204131705276	-2.86023734761e-10
0.21433829054	-2.26452601203e-10
0.225055205067	-1.33539700027e-10
0.236307965321	4.99595171873e-12
0.248123363587	1.78635057611e-10
0.260529531766	3.09981330543e-10
0.273556008354	2.87812058084e-10
0.287233808772	1.28598740089e-10
0.301595499211	-3.75137889213e-11
0.316675274171	-1.56150663679e-10
0.33250903788	-2.35864286366e-10
0.349134489774	-2.80990186803e-10
0.366591214262	-2.9461550665e-10
0.384920774975	-2.82548957185e-10
0.404166813724	-2.49073702704e-10
0.42437515441	-1.95432627334e-10
0.445593912131	-1.19064398291e-10
0.467873607738	-9.83653813142e-12
0.491267288124	1.57728514343e-10
0.515830652531	4.4211977828e-10
0.541622185157	9.85546758692e-10
0.568703294415	2.20329158684e-09
0.597138459136	6.08376036726e-09
0.626995382093	1.19393910549
