frequency	# of variants
0.0002	605.897911291
0.00021	0.00731797988889
0.0002205	0.00107407076222
0.000231525	0.000301194000044
0.00024310125	0.000148533138427
0.0002552563125	0.000106314534163
0.000268019128125	9.11158413125e-05
0.000281420084531	8.38051423152e-05
0.000295491088758	7.86945612553e-05
0.000310265643196	7.38774412917e-05
0.000325778925355	6.87792004447e-05
0.000342067871623	6.33440821289e-05
0.000359171265204	5.77073992522e-05
0.000377129828465	5.20516200845e-05
0.000395986319888	4.65442821996e-05
0.000415785635882	4.1315076914e-05
0.000436574917676	3.64517211606e-05
0.00045840366356	3.20042387492e-05
0.000481323846738	2.79923199738e-05
0.000505390039075	2.44131078465e-05
0.000530659541029	2.12481890085e-05
0.00055719251808	1.84693367583e-05
0.000585052143984	1.60429491088e-05
0.000614304751184	1.39332999676e-05
0.000645019988743	1.21047982131e-05
0.00067727098818	1.05234658136e-05
0.000711134537589	9.15781694159e-06
0.000746691264468	7.9793091293e-06
0.000784025827692	6.96248982699e-06
0.000823227119076	6.08494656945e-06
0.00086438847503	5.32713013121e-06
0.000907607898782	4.67211195314e-06
0.000952988293721	4.10530966307e-06
0.00100063770841	3.6142091015e-06
0.00105066959383	3.18809724095e-06
0.00110320307352	2.81781608024e-06
0.00115836322719	2.49554178581e-06
0.00121628138855	2.21459035374e-06
0.00127709545798	1.96924877497e-06
0.00134095023088	1.75463027606e-06
0.00140799774242	1.56655077287e-06
0.00147839762955	1.40142414475e-06
0.00155231751102	1.25617360735e-06
0.00162993338657	1.12815670841e-06
0.0017114300559	1.01510192594e-06
0.0017970015587	9.15054984657e-07
0.00188685163663	8.26333291338e-07
0.00198119421847	7.47487107797e-07
0.00208025392939	6.77266497397e-07
0.00218426662586	6.14593048516e-07
0.00229347995715	5.58535660759e-07
0.00240815395501	5.08289736785e-07
0.00252856165276	4.63159361599e-07
0.0026549897354	4.22541957039e-07
0.00278773922217	3.8591509967e-07
0.00292712618327	3.5282520467e-07
0.00307348249244	3.22877792582e-07
0.00322715661706	2.95729155014e-07
0.00338851444791	2.71079196634e-07
0.00355794017031	2.48665312851e-07
0.00373583717882	2.28257152506e-07
0.00392262903777	2.09652137258e-07
0.00411876048965	1.92671638203e-07
0.00432469851414	1.77157714513e-07
0.00454093343984	1.62970326559e-07
0.00476798011184	1.49984956361e-07
0.00500637911743	1.38090586806e-07
0.0052566980733	1.27187962977e-07
0.00551953297696	1.17188115744e-07
0.00579550962581	1.08011093857e-07
0.0060852851071	9.95848786643e-08
0.00638954936246	9.18444491025e-08
0.00670902683058	8.47309816264e-08
0.00704447817211	7.81911545079e-08
0.00739670208072	7.21765480716e-08
0.00776653718475	6.66431231621e-08
0.00815486404399	6.15507651995e-08
0.00856260724619	5.68628869183e-08
0.0089907376085	5.25460763e-08
0.00944027448892	4.85697882622e-08
0.00991228821337	4.49060687744e-08
0.010407902624	4.1529310392e-08
0.0109282977552	3.84160314435e-08
0.011474712643	3.55446782863e-08
0.0120484482752	3.28954447358e-08
0.0126508706889	3.04501083504e-08
0.0132834142234	2.81918795489e-08
0.0139475849345	2.61052625722e-08
0.0146449641812	2.41759263544e-08
0.0153772123903	2.23905836739e-08
0.0161460730098	2.07368776497e-08
0.0169533766603	1.92032743947e-08
0.0178010454933	1.7778961039e-08
0.018691097768	1.64537485867e-08
0.0196256526564	1.52179792352e-08
0.0206069352892	1.40624384172e-08
0.0216372820537	1.2978272044e-08
0.0227191461564	1.19569108511e-08
0.0238551034642	1.09900035437e-08
0.0250478586374	1.00693635586e-08
0.0263002515693	9.18693429356e-09
0.0276152641477	8.33478206257e-09
0.0289960273551	7.50512721944e-09
0.0304458287229	6.69042884145e-09
0.031968120159	5.8835410104e-09
0.033566526167	5.07796155352e-09
0.0352448524753	4.26819414487e-09
0.0370070950991	3.45023823141e-09
0.038857449854	2.62220692527e-09
0.0408003223467	1.7850422997e-09
0.0428403384641	9.43250891273e-10
0.0449823553873	1.05517952177e-10
0.0472314731566	-7.15011527126e-10
0.0495930468145	-1.50104688189e-09
0.0520726991552	-2.23231175053e-09
0.0546763341129	-2.88767931598e-09
0.0574101508186	-3.44815507126e-09
0.0602806583595	-3.90022170493e-09
0.0632946912775	-4.23872914074e-09
0.0664594258414	-4.4683994248e-09
0.0697823971334	-4.60328607742e-09
0.0732715169901	-4.66417175944e-09
0.0769350928396	-4.67465954337e-09
0.0807818474816	-4.65721404924e-09
0.0848209398557	-4.63033938492e-09
0.0890619868485	-4.60746360811e-09
0.0935150861909	-4.59729520611e-09
0.0981908405004	-4.60489677568e-09
0.103100382525	-4.63274476306e-09
0.108255401652	-4.68147253296e-09
0.113668171734	-4.75036184722e-09
0.119351580321	-4.83752157364e-09
0.125319159337	-4.93918647283e-09
0.131585117304	-5.04763701295e-09
0.138164373169	-5.14903920719e-09
0.145072591828	-5.22546948408e-09
0.152326221419	-5.26561390901e-09
0.15994253249	-5.28134888225e-09
0.167939659114	-5.31488172868e-09
0.17633664207	-5.41721890553e-09
0.185153474174	-5.59703956018e-09
0.194411147882	-5.77113842498e-09
0.204131705276	-5.76300468611e-09
0.21433829054	-5.37516258636e-09
0.225055205067	-4.51762261967e-09
0.236307965321	-3.33181063527e-09
0.248123363587	-2.20435862573e-09
0.260529531766	-1.53993474778e-09
0.273556008354	-1.33517255384e-09
0.287233808772	-1.07402423366e-09
0.301595499211	-3.48341500757e-10
0.316675274171	7.23759893639e-10
0.33250903788	1.9583725123e-09
0.349134489774	3.41075419421e-09
0.366591214262	5.26529923223e-09
0.384920774975	7.87513418906e-09
0.404166813724	1.20762339916e-08
0.42437515441	2.0309310457e-08
0.445593912131	4.37974419598e-08
0.467873607738	1.87832364767
