frequency	# of variants
0.0002	3.00957250114e-07
0.00021	2.86993835819e-07
0.0002205	2.73696067735e-07
0.000231525	2.61033943325e-07
0.00024310125	2.48978664665e-07
0.0002552563125	2.37502584762e-07
0.000268019128125	2.26579160775e-07
0.000281420084531	2.16182913045e-07
0.000295491088758	2.06289388825e-07
0.000310265643196	1.96875129776e-07
0.000325778925355	1.8791764239e-07
0.000342067871623	1.79395370647e-07
0.000359171265204	1.71287670197e-07
0.000377129828465	1.63574783639e-07
0.000395986319888	1.56237816409e-07
0.000415785635882	1.49258712969e-07
0.000436574917676	1.42620233046e-07
0.00045840366356	1.3630592774e-07
0.000481323846738	1.30300115405e-07
0.000505390039075	1.24587857238e-07
0.000530659541029	1.19154932574e-07
0.00055719251808	1.13987813952e-07
0.000585052143984	1.0907364196e-07
0.000614304751184	1.04400200045e-07
0.000645019988743	9.99558892912e-08
0.00067727098818	9.57297033726e-08
0.000711134537589	9.17112037666e-08
0.000746691264468	8.78904953565e-08
0.000784025827692	8.42582025562e-08
0.000823227119076	8.08054460723e-08
0.00086438847503	7.75238204032e-08
0.000907607898782	7.44053721996e-08
0.000952988293721	7.14425795383e-08
0.00100063770841	6.8628332235e-08
0.00105066959383	6.59559132211e-08
0.00110320307352	6.34189810788e-08
0.00115836322719	6.10115537743e-08
0.00121628138855	5.87279936369e-08
0.00127709545798	5.65629936353e-08
0.00134095023088	5.45115649884e-08
0.00140799774242	5.25690261713e-08
0.00147839762955	5.07309933549e-08
0.00155231751102	4.89933723491e-08
0.00162993338657	4.73523521367e-08
0.0017114300559	4.58044000725e-08
0.0017970015587	4.43462588954e-08
0.00188685163663	4.29749456869e-08
0.00198119421847	4.16877529817e-08
0.00208025392939	4.04822522798e-08
0.00218426662586	3.93563002553e-08
0.00229347995715	3.83080480655e-08
0.00240815395501	3.73359542533e-08
0.00252856165276	3.64388018445e-08
0.0026549897354	3.56157204385e-08
0.00278773922217	3.48662142684e-08
0.00292712618327	3.41901974883e-08
0.00307348249244	3.35880382785e-08
0.00322715661706	3.30606138238e-08
0.00338851444791	3.26093788041e-08
0.00355794017031	3.22364508284e-08
0.00373583717882	3.19447173195e-08
0.00392262903777	3.17379697918e-08
0.00411876048965	3.16210734477e-08
0.00432469851414	3.16001827904e-08
0.00454093343984	3.16830178123e-08
0.00476798011184	3.18792208221e-08
0.00500637911743	3.22008218914e-08
0.0052566980733	3.26628523434e-08
0.00551953297696	3.32841624232e-08
0.00579550962581	3.408852362e-08
0.0060852851071	3.51061310603e-08
0.00638954936246	3.6375669433e-08
0.00670902683058	3.79471644469e-08
0.00704447817211	3.98858885773e-08
0.00739670208072	4.22775365672e-08
0.00776653718475	4.52344628099e-08
0.00815486404399	4.89013394221e-08
0.00856260724619	5.34559998282e-08
0.0089907376085	5.91127894786e-08
0.00944027448892	6.63567872037e-08
0.00991228821337	7.92554255505e-08
0.010407902624	1.46419984008e-07
0.0109282977552	9.00304186382e-07
0.011474712643	8.42759779337e-06
0.0120484482752	27.6539617456
0.0126508706889	2.36526107593
0.0132834142234	1.29554074495e-06
0.0139475849345	2.45393791771e-06
0.0146449641812	3.6553693771e-07
0.0153772123903	1.26035984871e-07
0.0161460730098	7.85145961065e-08
0.0169533766603	4.96142061397e-08
0.0178010454933	3.48436676644e-08
0.018691097768	2.70340400917e-08
0.0196256526564	2.18125472006e-08
0.0206069352892	1.76638812098e-08
0.0216372820537	1.42163944306e-08
0.0227191461564	1.13840889674e-08
0.0238551034642	9.10573115025e-09
0.0250478586374	7.30154677738e-09
0.0263002515693	5.88372346563e-09
0.0276152641477	4.77023014179e-09
0.0289960273551	3.8919139299e-09
0.0304458287229	3.193968109e-09
0.031968120159	2.63446697089e-09
0.033566526167	2.18190211453e-09
0.0352448524753	1.81272644312e-09
0.0370070950991	1.50929834928e-09
0.038857449854	1.2583011849e-09
0.0408003223467	1.0495817123e-09
0.0428403384641	8.75315298672e-10
0.0449823553873	7.29410435101e-10
0.0472314731566	6.07082870367e-10
0.0495930468145	5.04548141811e-10
0.0520726991552	4.18796398772e-10
0.0546763341129	3.47424457798e-10
0.0574101508186	2.88507543998e-10
0.0602806583595	2.40497936301e-10
0.0632946912775	2.02140381261e-10
0.0664594258414	1.72395046053e-10
0.0697823971334	1.50358061513e-10
0.0732715169901	1.3516730147e-10
0.0769350928396	1.25877025029e-10
0.0807818474816	1.21280554513e-10
0.0848209398557	1.19660483535e-10
0.0890619868485	1.18468250305e-10
0.0935150861909	1.14028047589e-10
0.0981908405004	1.01641573837e-10
0.103100382525	7.71484265767e-11
0.108255401652	4.21073779849e-11
0.113668171734	1.45582091519e-11
0.119351580321	3.80545573065e-11
0.125319159337	1.54515998603e-10
0.131585117304	3.14617159266e-10
0.138164373169	3.67056247408e-10
0.145072591828	2.6623689471e-10
0.152326221419	1.23406792884e-10
0.15994253249	7.77620859129e-12
0.167939659114	-8.25283733277e-11
0.17633664207	-1.5428597637e-10
0.185153474174	-2.07860775523e-10
0.194411147882	-2.44061317721e-10
0.204131705276	-2.65207061485e-10
0.21433829054	-2.73832209515e-10
0.225055205067	-2.71910922998e-10
0.236307965321	-2.60708927012e-10
0.248123363587	-2.40855500497e-10
0.260529531766	-2.12381256708e-10
0.273556008354	-1.74595103336e-10
0.287233808772	-1.25710199664e-10
0.301595499211	-6.20940779818e-11
0.316675274171	2.3131294792e-11
0.33250903788	1.42883278661e-10
0.349134489774	3.22620731433e-10
0.366591214262	6.19220963669e-10
0.384920774975	1.19470632951e-09
0.404166813724	2.77560712752e-09
0.42437515441	1.5007708835
