frequency	# of variants
0.0002	2516.17631643
0.00021	0.00744989063893
0.0002205	0.00648769617936
0.000231525	0.00412329146021
0.00024310125	0.0026717975609
0.0002552563125	0.00184944343615
0.000268019128125	0.00136419979865
0.000281420084531	0.00105846407554
0.000295491088758	0.000852414810894
0.000310265643196	0.000704920458961
0.000325778925355	0.000593931968216
0.000342067871623	0.000507059496193
0.000359171265204	0.000436988068285
0.000377129828465	0.000379181167505
0.000395986319888	0.000330688767251
0.000415785635882	0.00028950477162
0.000436574917676	0.000254207289988
0.00045840366356	0.000223749807989
0.000481323846738	0.000197335794494
0.000505390039075	0.000174341051393
0.000530659541029	0.000154264236393
0.00055719251808	0.000136694479016
0.000585052143984	0.000121289612096
0.000614304751184	0.000107761132214
0.000645019988743	9.58635045354e-05
0.00067727098818	8.53863256518e-05
0.000711134537589	7.61484029263e-05
0.000746691264468	6.79931490803e-05
0.000784025827692	6.07849038196e-05
0.000823227119076	5.44059281533e-05
0.00086438847503	4.87539038296e-05
0.000907607898782	4.3739823665e-05
0.000952988293721	3.92861939519e-05
0.00100063770841	3.53254924331e-05
0.00105066959383	3.1798839527e-05
0.00110320307352	2.86548504436e-05
0.00115836322719	2.58486421479e-05
0.00121628138855	2.33409737099e-05
0.00127709545798	2.10975021456e-05
0.00134095023088	1.90881381513e-05
0.00140799774242	1.72864886633e-05
0.00147839762955	1.56693744414e-05
0.00155231751102	1.42164128318e-05
0.00162993338657	1.2909656806e-05
0.0017114300559	1.17332827007e-05
0.0017970015587	1.06733200146e-05
0.00188685163663	9.71741751392e-06
0.00198119421847	8.85464064298e-06
0.00208025392939	8.07529593266e-06
0.00218426662586	7.37077868397e-06
0.00229347995715	6.73344070447e-06
0.00240815395501	6.15647533569e-06
0.00252856165276	5.63381740489e-06
0.0026549897354	5.16005602312e-06
0.00278773922217	4.73035850733e-06
0.00292712618327	4.34040389889e-06
0.00307348249244	3.98632478496e-06
0.00322715661706	3.66465631689e-06
0.00338851444791	3.37229146013e-06
0.00355794017031	3.10644167096e-06
0.00373583717882	2.86460227672e-06
0.00392262903777	2.6445219691e-06
0.00411876048965	2.44417587815e-06
0.00432469851414	2.26174178389e-06
0.00454093343984	2.09557907487e-06
0.00476798011184	1.94421012315e-06
0.00500637911743	1.8063037852e-06
0.0052566980733	1.68066078442e-06
0.00551953297696	1.56620075891e-06
0.00579550962581	1.46195079876e-06
0.0060852851071	1.36703530959e-06
0.00638954936246	1.28066707875e-06
0.00670902683058	1.20213943394e-06
0.00704447817211	1.13081940798e-06
0.00739670208072	1.06614184598e-06
0.00776653718475	1.00760441314e-06
0.00815486404399	9.54763484908e-07
0.00856260724619	9.07230933257e-07
0.0089907376085	8.64671856731e-07
0.00944027448892	8.26803349326e-07
0.00991228821337	7.93394469648e-07
0.010407902624	7.64267658348e-07
0.0109282977552	7.39301989682e-07
0.011474712643	7.18438834034e-07
0.0120484482752	7.01690817249e-07
0.0126508706889	6.89155434149e-07
0.0132834142234	6.8103545341e-07
0.0139475849345	6.77669523428e-07
0.0146449641812	6.79578603708e-07
0.0153772123903	6.87537736288e-07
0.0161460730098	7.02689892295e-07
0.0169533766603	7.26732513528e-07
0.0178010454933	7.62235610175e-07
0.018691097768	8.13211208327e-07
0.0196256526564	8.86195019435e-07
0.0206069352892	9.92455202678e-07
0.0216372820537	1.15291475151e-06
0.0227191461564	1.41030846439e-06
0.0238551034642	1.86282976541e-06
0.0250478586374	2.76829516463e-06
0.0263002515693	4.89171848699e-06
0.0276152641477	1.05707115503e-05
0.0289960273551	2.44980585762e-05
0.0304458287229	3.84848606384e-05
0.031968120159	3.32885341569
0.033566526167	7.07699125459e-05
0.0352448524753	2.29754034651e-05
0.0370070950991	9.23124008898e-06
0.038857449854	2.87128983186e-06
0.0408003223467	1.29520128826e-06
0.0428403384641	7.75574381029e-07
0.0449823553873	5.33131129962e-07
0.0472314731566	3.94305037734e-07
0.0495930468145	3.04844124821e-07
0.0520726991552	2.42664927028e-07
0.0546763341129	1.97241889822e-07
0.0574101508186	1.62943853434e-07
0.0602806583595	1.36455089942e-07
0.0632946912775	1.15670016397e-07
0.0664594258414	9.91749343729e-08
0.0697823971334	8.59813667391e-08
0.0732715169901	7.53766430773e-08
0.0769350928396	6.68344516341e-08
0.0807818474816	5.99588220321e-08
0.0848209398557	5.44480368809e-08
0.0890619868485	5.00709969693e-08
0.0935150861909	4.66516599246e-08
0.0981908405004	4.40589352373e-08
0.103100382525	4.2200512385e-08
0.108255401652	4.10198235122e-08
0.113668171734	4.0495873659e-08
0.119351580321	4.0646172921e-08
0.125319159337	4.1533714434e-08
0.131585117304	4.32802801848e-08
0.138164373169	4.60911834757e-08
0.145072591828	5.03029454536e-08
0.152326221419	5.64811864616e-08
0.15994253249	6.56398837419e-08
0.167939659114	7.97948640471e-08
0.17633664207	1.0362668425e-07
0.185153474174	1.51084165529e-07
0.194411147882	2.90671098114e-07
0.204131705276	1.91215704266
