frequency	# of variants
0.0002	0.000171922884249
0.00021	0.000164578827943
0.0002205	0.000157657916358
0.000231525	0.000151133923567
0.00024310125	0.000144982288437
0.0002552563125	0.000139180127635
0.000268019128125	0.000133706161831
0.000281420084531	0.000128540683042
0.000295491088758	0.000123665416144
0.000310265643196	0.00011906356434
0.000325778925355	0.000114719668732
0.000342067871623	0.000110619553204
0.000359171265204	0.000106750262591
0.000377129828465	0.000103100033863
0.000395986319888	9.96581563933e-05
0.000415785635882	9.64149929033e-05
0.000436574917676	9.33619165235e-05
0.00045840366356	9.04911947677e-05
0.000481323846738	8.77960296196e-05
0.000505390039075	8.52704974149e-05
0.000530659541029	8.29095156278e-05
0.00055719251808	8.07088264467e-05
0.000585052143984	7.86650281485e-05
0.000614304751184	7.67756021348e-05
0.000645019988743	7.50388075779e-05
0.00067727098818	7.34539560689e-05
0.000711134537589	7.2021259988e-05
0.000746691264468	7.07420760119e-05
0.000784025827692	6.96189400655e-05
0.000823227119076	6.86557928748e-05
0.00086438847503	6.78581237027e-05
0.000907607898782	6.72333116554e-05
0.000952988293721	6.67909296172e-05
0.00100063770841	6.65431635717e-05
0.00105066959383	6.65054501079e-05
0.00110320307352	6.66971163537e-05
0.00115836322719	6.71424335547e-05
0.00121628138855	6.78717456154e-05
0.00127709545798	6.89231750958e-05
0.00134095023088	7.03447582381e-05
0.00140799774242	7.21973355559e-05
0.00147839762955	7.45583677674e-05
0.00155231751102	7.75271640686e-05
0.00162993338657	8.12321415453e-05
0.0017114300559	8.5840816708e-05
0.0017970015587	9.15750547542e-05
0.00188685163663	9.87376893737e-05
0.00198119421847	0.00010777312582
0.00208025392939	0.00011945925421
0.00218426662586	0.000135702225068
0.00229347995715	0.000163555861001
0.00240815395501	0.000240068267769
0.00252856165276	0.000631697635132
0.0026549897354	0.00403458921062
0.00278773922217	16.6360004072
0.00292712618327	94.4710022473
0.00307348249244	0.000886930046957
0.00322715661706	0.000958863377225
0.00338851444791	0.000315559573711
0.00355794017031	0.000189494350035
0.00373583717882	0.00011961027867
0.00392262903777	8.66809900705e-05
0.00411876048965	6.81597992784e-05
0.00432469851414	5.23245444131e-05
0.00454093343984	3.73649833505e-05
0.00476798011184	2.49430038658e-05
0.00500637911743	1.70615924292e-05
0.0052566980733	1.28022148435e-05
0.00551953297696	9.90886267299e-06
0.00579550962581	7.78321997707e-06
0.0060852851071	6.17091580017e-06
0.00638954936246	4.92342145869e-06
0.00670902683058	3.96027687175e-06
0.00704447817211	3.21411103848e-06
0.00739670208072	2.62959734653e-06
0.00776653718475	2.16568462507e-06
0.00815486404399	1.79316840424e-06
0.00856260724619	1.49123418675e-06
0.0089907376085	1.2447281556e-06
0.00944027448892	1.04233163938e-06
0.00991228821337	8.75392746608e-07
0.010407902624	7.37173983111e-07
0.0109282977552	6.22353453397e-07
0.011474712643	5.26682220222e-07
0.0120484482752	4.46740880323e-07
0.0126508706889	3.79761060266e-07
0.0132834142234	3.23491344182e-07
0.0139475849345	2.76094270265e-07
0.0146449641812	2.36065984543e-07
0.0153772123903	2.02172683833e-07
0.0161460730098	1.73399878982e-07
0.0169533766603	1.48911627304e-07
0.0178010454933	1.28017613431e-07
0.018691097768	1.10146499068e-07
0.0196256526564	9.48243135867e-08
0.0206069352892	8.16569062144e-08
0.0216372820537	7.03156810655e-08
0.0227191461564	6.05259969724e-08
0.0238551034642	5.20577165706e-08
0.0250478586374	4.47175023678e-08
0.0263002515693	3.83425215726e-08
0.0276152641477	3.27952936894e-08
0.0289960273551	2.79594661367e-08
0.0304458287229	2.37363397021e-08
0.031968120159	2.00420053469e-08
0.033566526167	1.68049780625e-08
0.0352448524753	1.39642364463e-08
0.0370070950991	1.14675941306e-08
0.038857449854	9.27034333952e-09
0.0408003223467	7.33412238901e-09
0.0428403384641	5.62596748341e-09
0.0449823553873	4.11751722296e-09
0.0472314731566	2.78434348703e-09
0.0495930468145	1.60538723706e-09
0.0520726991552	5.6248157242e-10
0.0546763341129	-3.60052813201e-10
0.0574101508186	-1.17575210301e-09
0.0602806583595	-1.89630463882e-09
0.0632946912775	-2.53180635565e-09
0.0664594258414	-3.09098518476e-09
0.0697823971334	-3.58140279733e-09
0.0732715169901	-4.00964237564e-09
0.0769350928396	-4.38149171546e-09
0.0807818474816	-4.70213217082e-09
0.0848209398557	-4.97634525665e-09
0.0890619868485	-5.20874948723e-09
0.0935150861909	-5.40407852856e-09
0.0981908405004	-5.56750436123e-09
0.103100382525	-5.70499019144e-09
0.108255401652	-5.82362115385e-09
0.113668171734	-5.93181277771e-09
0.119351580321	-6.03929541071e-09
0.125319159337	-6.15699458764e-09
0.131585117304	-6.29758261127e-09
0.138164373169	-6.47772678761e-09
0.145072591828	-6.71808779033e-09
0.152326221419	-7.02171068821e-09
0.15994253249	-7.31664477722e-09
0.167939659114	-7.44543816192e-09
0.17633664207	-7.32010297923e-09
0.185153474174	-7.0508181055e-09
0.194411147882	-6.80283146254e-09
0.204131705276	-6.63066911989e-09
0.21433829054	-6.49752869069e-09
0.225055205067	-6.34897334168e-09
0.236307965321	-6.14531312836e-09
0.248123363587	-5.86440068956e-09
0.260529531766	-5.49672850988e-09
0.273556008354	-5.04063591895e-09
0.287233808772	-4.49871314755e-09
0.301595499211	-3.87498522175e-09
0.316675274171	-3.17249569099e-09
0.33250903788	-2.38991517273e-09
0.349134489774	-1.51311187876e-09
0.366591214262	-4.97091273414e-10
0.384920774975	7.63121107065e-10
0.404166813724	2.47719596891e-09
0.42437515441	5.04559513913e-09
0.445593912131	9.26850352154e-09
0.467873607738	1.69504124058e-08
0.491267288124	3.31867439769e-08
0.515830652531	8.18355453534e-08
0.541622185157	1.25007422365
